State: 177
Counter Example: ('Y,I,Y,I,', 'Y,I,')
Policy 1 (Y,I,Y,I,): [0.    0.    0.    0.    0.    0.    0.    0.    0.    0.    0.    0.
 0.    0.    0.    0.    0.    0.    0.    0.    0.    0.    0.    0.
 0.    0.    0.    0.    0.    0.    0.    0.    0.    0.    0.    0.
 0.    0.    0.    0.    0.    0.    0.    0.    0.    0.    0.    0.
 0.    0.    0.    0.    0.    0.    0.    0.    0.    0.    0.    0.
 0.    0.    0.    0.    0.    0.    0.    0.    0.    0.    0.    0.
 0.    0.    0.    0.    0.    0.    0.    0.    0.    0.    0.    0.
 0.    0.    0.    0.    0.    0.    0.    0.    0.    0.    0.    0.
 0.    0.    0.    0.    0.    0.    0.    0.    0.    0.    0.    0.
 0.    0.    0.    0.    0.    0.    0.    0.    0.    0.    0.    0.
 0.    0.    0.    0.    0.    0.    0.    0.    0.    0.    0.    0.
 0.    0.    0.    0.    0.    0.    0.    0.    0.    0.    0.    0.
 0.    0.    0.    0.    0.    0.    0.    0.    0.    0.    0.    0.
 0.    0.002 0.013 0.001 0.    0.    0.    0.    0.    0.    0.    0.
 0.    0.    0.    0.    0.    0.    0.    0.    0.    0.    0.106 0.776
 0.007 0.    0.    0.    0.    0.    0.    0.    0.    0.    0.    0.
 0.    0.    0.    0.    0.    0.    0.    0.019 0.077 0.001 0.    0.
 0.    0.    0.    0.    0.    0.    0.    0.    0.    0.    0.    0.
 0.    0.    0.    0.    0.    0.    0.    0.    0.    0.    0.    0.
 0.    0.    0.    0.    0.    0.    0.    0.    0.    0.    0.    0.
 0.    0.    0.    0.    0.    0.    0.    0.    0.    0.    0.    0.
 0.    0.    0.    0.    0.    0.    0.    0.    0.    0.    0.    0.
 0.    0.    0.    0.    0.    0.    0.    0.    0.    0.    0.    0.
 0.    0.    0.    0.    0.    0.    0.    0.    0.    0.    0.    0.
 0.    0.    0.    0.    0.    0.    0.    0.    0.    0.    0.    0.
 0.    0.    0.    0.    0.    0.    0.    0.    0.    0.    0.    0.
 0.    0.    0.    0.    0.    0.    0.    0.    0.    0.    0.    0.
 0.    0.    0.    0.    0.    0.    0.    0.    0.    0.    0.    0.
 0.    0.    0.    0.    0.    0.    0.    0.    0.    0.    0.    0.
 0.    0.    0.    0.    0.    0.    0.    0.    0.    0.    0.    0.
 0.    0.    0.    0.    0.    0.    0.    0.    0.    0.    0.    0.
 0.    0.    0.    0.    0.    0.    0.    0.    0.    0.    0.    0.
 0.    0.    0.    0.    0.    0.    0.    0.    0.    0.    0.    0.
 0.    0.    0.    0.    0.    0.    0.    0.    0.    0.    0.    0.
 0.    0.    0.    0.    0.    0.    0.    0.    0.    0.    0.    0.
 0.    0.    0.    0.    0.    0.    0.    0.    0.    0.    0.    0.
 0.    0.    0.    0.    0.    0.    0.    0.    0.   ]
Policy 2 (Y,I,): [0.    0.    0.    0.    0.    0.    0.    0.    0.    0.    0.    0.
 0.    0.    0.    0.    0.    0.    0.    0.    0.    0.    0.    0.
 0.    0.    0.    0.    0.    0.    0.    0.    0.    0.    0.    0.
 0.    0.    0.    0.    0.    0.    0.    0.    0.    0.    0.    0.
 0.    0.    0.    0.    0.    0.    0.    0.    0.    0.    0.    0.
 0.    0.    0.    0.    0.    0.    0.    0.    0.    0.    0.    0.
 0.    0.    0.    0.    0.    0.    0.    0.    0.    0.    0.    0.
 0.    0.    0.    0.    0.    0.    0.    0.    0.    0.    0.    0.
 0.    0.    0.    0.    0.    0.    0.    0.    0.    0.    0.    0.
 0.    0.    0.    0.    0.    0.    0.    0.    0.    0.    0.    0.
 0.    0.    0.    0.    0.    0.    0.    0.    0.    0.    0.    0.
 0.    0.    0.    0.    0.    0.    0.    0.    0.    0.    0.    0.
 0.    0.    0.    0.    0.    0.    0.    0.    0.    0.    0.    0.
 0.    0.    0.007 0.    0.    0.    0.    0.    0.    0.    0.    0.
 0.    0.    0.    0.    0.    0.    0.    0.    0.    0.    0.222 0.593
 0.005 0.    0.    0.    0.    0.    0.    0.    0.    0.    0.    0.
 0.    0.    0.    0.    0.    0.    0.    0.044 0.13  0.    0.    0.
 0.    0.    0.    0.    0.    0.    0.    0.    0.    0.    0.    0.
 0.    0.    0.    0.    0.    0.    0.    0.    0.    0.    0.    0.
 0.    0.    0.    0.    0.    0.    0.    0.    0.    0.    0.    0.
 0.    0.    0.    0.    0.    0.    0.    0.    0.    0.    0.    0.
 0.    0.    0.    0.    0.    0.    0.    0.    0.    0.    0.    0.
 0.    0.    0.    0.    0.    0.    0.    0.    0.    0.    0.    0.
 0.    0.    0.    0.    0.    0.    0.    0.    0.    0.    0.    0.
 0.    0.    0.    0.    0.    0.    0.    0.    0.    0.    0.    0.
 0.    0.    0.    0.    0.    0.    0.    0.    0.    0.    0.    0.
 0.    0.    0.    0.    0.    0.    0.    0.    0.    0.    0.    0.
 0.    0.    0.    0.    0.    0.    0.    0.    0.    0.    0.    0.
 0.    0.    0.    0.    0.    0.    0.    0.    0.    0.    0.    0.
 0.    0.    0.    0.    0.    0.    0.    0.    0.    0.    0.    0.
 0.    0.    0.    0.    0.    0.    0.    0.    0.    0.    0.    0.
 0.    0.    0.    0.    0.    0.    0.    0.    0.    0.    0.    0.
 0.    0.    0.    0.    0.    0.    0.    0.    0.    0.    0.    0.
 0.    0.    0.    0.    0.    0.    0.    0.    0.    0.    0.    0.
 0.    0.    0.    0.    0.    0.    0.    0.    0.    0.    0.    0.
 0.    0.    0.    0.    0.    0.    0.    0.    0.    0.    0.    0.
 0.    0.    0.    0.    0.    0.    0.    0.    0.   ]
n1: 1777, n2: 432
--------------------------------------------------
